496509227
496502310
496472920
496460144
496350698
496356136
496128624
496079750
496009331
495994707
495991832
495989507
495986752
495976577
495979262
495960928
495945571
495930609
495932694
495933631
495928595
495928152
495616400
495513935
495515313
495514010
495505776
495325175
495318479
495143807
494899476
494882188
494833506
494838611
494743539
494747216
494497110
494327566
494327052
494314209
494302239
494307574
493901617
493902682
493893009
493896995
493886614
493723326
493697764
493681767
493663803
493650130
493636897
493619919
493593771
493582585
493581561
493551996
493555744
493558341
493547421
493531349
493534795
493519257
493512354
493509436
493503100
493484097
493478063
493460398
493468864
493274465
493260303
493251686
493212256
493175263
493123017
493121893
493124650
492867925
492846989
492805371
492785415
492788605
492771749
492778084
492766296
492764043
492758338
492744789
492748046
492737323
492714977
492719792
492706210
492695694
492683910
492455875
492445389
492417531
492350371
492343293
492330877
492331162
492302422
492287018
492283913
492274628
492038416
491872110
491635829
491631142
491621758
491554225
491554390
491456469
491075090
491067126
491060841
491053048
491018575
491006489
490698474
490674667
490676273
490663586
490621126
490624733
490592397
490387984
490361896
490362124
489925886
488223642
488219614
488200499
486641814
486551434
486548397
485832195
485821499
485825654
485049869
485030607
485023333
485018666
484907008
484887377
484872199
484879871
484865324
484611925
484604378
484597108
484596391
484582298
484550966
484544989
484180585
483379745
483373002
483368607
483360251
483265345
482957244
482948479
482459763
482425469
482420035
482419799
482156530
482149085
482133508
482137333
482126346
482108795
482106623
482096826
482094440
482068397
482065142
482044488
482021353
482028440
482018954
481794664
481773406
481764128
481753004
481718016
481701789
481702481
481693387
481637764
481621538
481629683
481366883
481352238
481355173
481348437
481291845
481281309
480935039
480936663
480924977
480929521
480897391
480523050
480513501
480486023
480473283
480465936
480131093
480126655
480108880
480061043
480042179
479691959
479695043
479685806
479675629
479670271
479634129
479639233
479628847
479618487
479526248
479526163
479518668
479511524
479516060
479505387
479504123
479314373
479196981
479187568
479168007
479163060
479121005
479113319
478844756
478829358
478677179
478408614
478394229
478369989
478314193
478265933
478250616
478030419
478031361
478024604
478016528
477999771
477988536
477935768
477930510
477890767
477856637
477852532
477847705
477837909
477834862
477601420
477563958
477533456
477433400
477428063
477418725
477411701
477168144
477144079
477146655
477136997
476678853
476624140
476589476
476583853
476329364
476317806
476306704
476277097
476250909
476242447
476248011
476233745
476230061
476226140
476219182
476204426
476190019
476199153
476180528
476183793
476158792
476149307
476141492
476132927
476134553
476120876
476129532
475884046
475877868
475868991
475830886
475830540
475791266
475765857
475765806
475763913
475753259
475753396
475757103
475738008
475731330
475724144
475711546
475313398
475314116
475317982
475301167
475307011
475293585
475292791
474970282
474967228
474968334
474090710
472468500
472438403
471302805
470888662
470876993
470849359
470787716
470777680
470767694
470757569
469854444
469857901
469616234
469600862
469593187
469590931
469514191
469464222
469441616
469448431
469187450
469160959
468746170
468733574
468687046
467544513
467483549
467472808
467479672
467464537
467387458
467384824
467144308
466697104
466689348
466672474
466660746
466642512
466635274
466625057
466597388
466597912
466581867
466586413
466578758
466576884
466278850
465866652
465858786
465857870
465841726
465811736
465730955
465732110
465427136
465428910
465410693
465405693
465404823
465394198
465340313
465349160
465336147
465316567
465310451
465304487
465305934
464998261
464983654
464982440
464943601
464939904
464932700
464927433
464917558
464912273
464904619
464908393
464904281
464882677
464858987
464832174
464832011
464828258
464828984
464629937
464618855
464602027
464605150
464598663
464586646
464588620
464578464
464571580
464565243
464554057
464547828
464531574
464534921
464523245
464529670
464513197
464519773
464506258
464504004
464494938
464495372
464446527
464445474
464445231
464430728
464431654
464438020
464420246
464424702
464410948
464413362
464403079
464400684
464397479
464213143
464200535
464197779
464194354
464187152
464176035
463755064
463744048
463727760
463719504
463666189
463668375
463652549
463658295
463659942
463644487
463641702
463632808
463630570
463627113
463611239
463613596
463609613
463598523
463587029
463323830
463310421
463301398
462879377
462875751
462868058
462467397
462463503
462017898
462004209
461906588
461904452
461894269
461484591
461472657
461473734
461433490
461422117
461420602
460360537
460364600
460353434
460328561
460316426
460312701
459929957
459925480
459908554
459863755
459844417
459842612
459833387
459830414
459833960
459828665
458690921
457461907
455809879
455802945
455807290
455796026
454194147
453239317
452962816
452957317
452596367
452592774
451824732
451474873
451461734
451107426
451100695
451103760
450980104
450978947
450794200
448541439
448546551
448042367
448047311
447482984
447477914
447466796
447452019
447139560
447122612
447111832
447109523
447093848
447083759
447089106
447082222
447073168
446374580
446367624
446048992
445979766
445975640
445948600
445931816
445927936
445919358
445915973
445919631
445781184
445729592
445715826
445709738
444961865
444961270
444655931
444270842
443501130
443491694
443498861
443486677
443444882
443439418
443064549
443065274
443060381
442512089
442517515
442506879
442101622
442094338
442096074
442094682
442084649
442053578
440748017
440709447
440696307
440696596
440639566
440632974
440636812
440639230
440625543
440629350
440594694
440594950
440583547
440581273
440041908
439322821
439318402
439290736
439273224
438966923
438939317
438925727
438916077
438918781
438587373
438578104
438564578
438553629
438554217
438548521
438532957
438450816
438443569
438228400
438216784
438207868
438167841
438157668
438151003
438158730
438141473
438134367
438129959
438124280
438117297
438113564
438111191
438102068
438082400
438078876
437862718
437854164
437826430
437814353
437508190
437492095
437495272
437486404
437454399
437450634
437128197
437119614
437105327
437101071
436797406
436788518
436754289
436751104
436442752
436436411
436399948
436022072
436017427
436019521
436002014
435996779
435980411
435974356
435969995
435968871
435957437
435952222
435941747
435946303
435936868
435930874
435929932
435913919
435913926
435918982
435902450
435899677
435895862
435686960
435670133
435653069
435643324
435566497
435566705
435558306
435555373
435558420
435540955
435545232
435533608
435534104
435411445
435400287
435399918
435399440
435384091
435377970
435361852
435355045
435345589
435314631
435307865
434941087
434942800
434925489
434563819
434554978
434554680
434546013
434538425
434520812
434514654
434505459
434501242
434490254
434489467
434475189
434476085
434462728
434469915
434453201
434446227
434449534
434449511
434430344
434434260
434423467
434426784
434426311
434410658
434419845
434412191
434407747
434225815
434229130
434186944
434173198
434152498
434150664
433824969
433827942
433818194
433805506
433482946
433475036
433466327
433432619
433434281
433429577
433422403
433411447
433413733
433407567
433404012
433393485
433361277
433365505
433362331
433358917
433358824
433359252
433347489
433338518
433335575
433336692
433334210
433328666
433115783
433100529
433108252
433092156
433087149
433061965
433065051
433056261
433047637
433048712
433038877
433038925
433032842
433029549
433011468
433015183
432851009
432844699
432847021
432835433
432827125
432811195
432805081
432799242
432781361
432777035
432766748
432762161
432759180
432740864
432730929
432722269
432402067
432407000
432394940
432387224
432371807
432370542
432369417
432363533
432330522
432330410
432329754
432068261
432036247
432028529
432029750
432016614
431995527
431262557
431259969
430853929
430850105
430859450
430844975
430845042
430832268
430836193
430838502
430824289
430827546
430661746
430648609
430640506
430634773
430625207
430627592
430257088
430255333
430241453
430233413
429896227
429887528
429875384
429863328
429533885
429521175
429510198
429519682
428450285
428092727
428050107
428040019
428040350
428038693
428019134
428003009
428006152
427996218
427954167
427956062
427943688
427943696
427701379
427702822
427356268
427359163
427016888
427008508
427008940
426634266
426639430
425303459
425228289
425220406
425220681
425210878
425210255
425207589
425193195
425196170
424995971
424908152
424556789
424553395
424541388
424542005
424522595
424521482
424511438
424500858
424500933
424501720
424494257
424340101
424337403
424329386
424317362
424308135
424247191
424220527
424211700
424203616
424190245
424183809
424182285
424181442
424174087
424171604
424178920
424161887
424165805
423988186
423973574
423968796
423950157
423949847
423942530
422826877
422821900
422816507
422795957
422790892
422798110
422784642
422605407
422770633
422764539
422602029
422091155
421913261
421902002
421895964
421881998
421881443
421873087
421558789
421548848
421543163
421530247
421529166
421525691
421202417
421194358
421197460
421181463
421174628
421138448
421137325
421118279
421119903
421108068
421108283
421070997
421077255
421068837
420962472
420955144
420942927
420946950
420938394
420913655
420911931
420898249
420899660
420876087
420830798
420833272
420815190
420806263
420807330
420796734
420786383
420611989
420607004
420566125
420554354
420536617
420536801
420526243
420514346
420170749
420166518
420161842
419519698
418503929
419172379
418822017
418815228
418513539
418481700
418479541
418463705
418459683
418442918
418446032
418439127
418413083
418400159
418393769
418398044
418389928
418380613
418377069
418376336
418379842
418362217
418367632
418355406
418355432
417136535
417109528
417100670
417097235
417080989
417085926
416798351
416771305
416773200
416410220
416403794
416394987
416397093
416370669
416377706
416373702
416360958
416332547
416330280
416324835
416139077
416125749
416124811
416115883
416103456
416091769
416097760
416001981
416000180
415995796
415996724
415984409
415985524
415972307
415963996
415966671
415958938
415959614
415958770
415942567
415825394
415813168
415811753
415790757
415781529
415773258
415772070
415768373
415740586
415737248
415723664
415717558
415714700
415705577
415692441
415685618
415681865
415685332
415675288
415674006
415442720
415436074
415417276
415411991
415407226
415113224
415107635
415092287
415097971
415087612
415059605
414731475
414440822
414406287
414403880
414399855
414105580
414085709
414073624
413935901
413778128
413773891
413768484
413759636
413745935
413735637
413733350
413726834
413710038
413698905
413683504
413677587
413677792
413662406
413660521
413657316
413657142
413646252
413632078
413632324
413610267
413610024
413593468
413595775
413599641
413432535
413422677
413418819
413286099
413281005
413068119
413060941
413044773
413026867
412727303
412383812
412377853
412365707
412361631
412354203
412340328
412348005
412019363
411676646
411678670
411668531
411581441
411566982
411557339
411550643
411548405
411543960
411254000
411240296
411247923
411230173
411229464
411216066
411218353
411194876
411192924
411199621
411032443
411023488
411025662
411012227
411018802
411002048
411004172
410964195
410603738
410600522
410596736
410279854
410266425
409920057
409582774
409579583
409153844
409159550
409140875
409142371
409137148
409134595
409135402
409124098
408993445
408983607
408985831
408971513
408948119
408928260
408876512
408863165
408855109
408845680
408836066
408832241
408804278
408796795
408794109
408705871
408698703
408685995
408650657
408651040
408646594
408289241
408279143
408262377
408261370
408249439
408248382
408231573
408223526
408214189
407930885
407923976
407906970
407891153
407883775
407882220
407592408
407562429
407563650
407554341
407534986
407520788
407524214
407518569
407210237
407212901
406888320
406445814
406445021
406432169
406436636
406344078
406333444
406325688
406327992
406318517
406313163
406308279
406303194
406293169
406298214
406289519
406282754
406273767
406097316
405921649
405912317
405911440
405903491
405894085
405539256
405528539
405520511
405512542
405228698
405174656
405171620
405160492
405155156
404886899
404868756
404560525
404542858
404547940
404494325
404483201
404472854
404462429
404456947
404457302
404432565
404403435
404206595
404192138
404176889
404163899
404155782
404141147
404131109
403938024
403926918
403873338
403840116
403530621
403528491
403511616
403499759
403484598
403217406
403215911
403203906
403163217
403158158
403157681
403134348
402797905
402508280
402153957
402159473
402148203
402130452
402112077
402036704
401707251
401698677
401694264
401698922
401576811
401561342
401553105
401543768
401536889
401486988
401488824
401447530
401439453
401192463
401171077
401177731
401143222
401132132
401129626
401123801
401111994
401108178
401105204
401098298
401098802
401081987
401011720
400824874
400816886
400810670
400802121
400795465
400786627
400774389
400776880
400762426
400751638
400753651
400745145
400749731
400496315
400488475
400471919
400471822
400464288
400459487
400453150
400445412
400433917
400434901
400423994
400142526
400136198
400124795
400111657
400119641
400102313
400092977
400095423
400086126
400075339
399797049
399793535
399768200
399745389
399425052
399412661
399405015
399406650
399393567
399397472
399383925
399386561
399375006
399360617
399364962
398838657
398825028
398812528
398818330
398791027
398756042
398508516
398495348
398495823
398489586
398478159
398473460
398457550
398442984
398434179
398437752
398429860
398167584
398150257
398141487
398133882
398120373
398101306
398103800
397462351
397451936
397411128
397401348
397408223
397398577
397396983
397377599
397377462
397365529
397368416
397359879
397310450
397305977
397308054
397308241
397299538
397298344
397295312
397282509
397283484
397201162
397198426
397183229
397189463
397171026
397169989
397168334
397152586
397151403
397121057
397122211
397119450
397108782
397095243
397080806
397086590
397066268
397064305
396991320
396988347
396983124
396982020
396971495
396975242
396963863
396963730
396959417
396957133
396941518
396944376
396942223
396939539
396936055
396931371
396926507
396926204
396929650
396914317
396919611
396900214
396885878
396884292
396876556
396861981
396859664
396840375
396835794
396823527
396818659
396814254
396802279
396794765
396793380
396779476
396765208
396450658
396449709
396441583
396436298
396438292
396422695
396426231
396403452
396390818
396398263
396054530
395705363
395449573
395432017
395431942
395082373
395055368
395055202
395045026
395047611
395030497
394987699
394981185
394984413
394974660
394968225
394961732
394951156
394957520
394803027
394791579
394786740
394771240
394762234
394755978
394738586
394720496
394727451
394718592
394701646
394709352
394676887
394671364
394552749
394559400
394530697
394333464
394329798
394329854
394174873
394165745
393196510
393182781
393160614
393152367
392869254
392850029
392859202
392563566
392430639
391294357
391281809
391255407
391250661
391245275
390940042
390937705
390928157
390929350
390612668
390617360
390350293
390346248
390324989
390282765
390282970
390200005
390206512
390198149
390193227
390193582
390040346
390037258
390020787
390028581
390016104
389955047
389952621
389462979
389362212
389358895
389358151
389345614
389336481
389064846
389053280
389041920
389038875
388749510
388729780
388699454
388387122
388371817
388324685
388316678
388317695
388313282
388304777
388306036
388308633
388295309
388296944
388290071
388272645
388276721
388265219
388107797
388096357
388090092
388083519
388081402
388029448
388013905
388017242
388001185
388006774
387991021
387987718
387989453
387976168
387974044
387973791
387961627
387965642
387950838
387952304
387948699
387936426
387933353
387920109
387925207
387925652
387795413
387788375
387719512
387681719
387472500
387468865
387460700
387444919
387449743
387423107
387424490
387412616
387152011
387120469
387107975
387108170
387089297
387077038
387053127
387055521
386823382
386789339
386784805
386772765
386510204
386490244
386186706
386168435
386158527
386132756
386138403
386120475
386108126
386098001
386082016
386071946
386016614
386019471
386006259
386003415
385887888
385845128
385831084
385828464
385814217
385797598
385782919
385781713
385749178
385744414
385735412
385622218
385610439
385606147
385591727
385584227
385573779
385578514
385535358
385524187
385506581
385499393
385482527
385477107
385459061
385424181
385217190
385198040
385171739
385174283
385162328
385150759
385152590
385149294
385138695
385135160
384896539
384880259
384884311
384878054
384841987
384808099
384801392
384791607
384531552
384526037
384521110
384515066
384515232
384502623
384498977
384482748
384216659
384207547
384190439
384195752
384184564
384173078
384178082
383925495
383916975
383906498
383867760
383845239
382919028
382565694
382553988
382552701
382267535
382243239
382235660
382223515
382223102
382211705
382124046
381916813
381640370
381629551
381611726
381594714
381586498
381584415
381550732
381544866
381537137
381521077
381526422
381510766
381517152
381349392
381333106
381307136
381299220
381286835
381272119
381270183
381268988
381204940
381192796
381190771
381186844
381170828
381173315
381175002
381017060
380990180
380989334
380954142
380944543
380935376
380934072
380920907
380625437
380610682
380603967
380595109
380530352
380522339
380359264
380345583
380312977
380318671
380301315
380293336
380282425
380032611
380013897
380007459
379986238
379980650
379972424
379966703
379959516
379713325
379704575
379683227
379680040
379679240
379665971
379658786
379648595
379636208
379633373
379625016
379382857
379389472
379312020
379301090
379243675
379245941
379237527
379237574
379223087
379229935
379222400
379210247
379077586
379060424
379053564
379041628
379032903
379014673
379006317
379006440
378926293
378917218
378913752
378903339
378749198
378748633
378736964
378729111
378712241
378708833
378699177
378694111
378682792
378675255
378669146
378664100
378655143
378643057
378419871
378408576
378383220
378378512
378092260
378085650
378079935
378054608
378042809
378046440
378030604
378025931
378017717
378014231
378006003
377996056
377992101
377985192
377980530
377733329
377733852
377722236
377714948
377709859
377705094
377691008
377690102
377652229
377670637
377665958
377401956
377398705
377380608
377383520
377375602
377362310
377356042
377348104
377335457
377094385
377097220
377076037
377057922
377004090
377022166
377025011
377012062
377002529
377008421
376996174
376984777
376985481
376978136
376978541
376963355
376958459
376955104
376867799
376865442
376851908
376849679
376841342
376839477
376834042
376826517
376811389
376817563
376804716
376792737
376797331
376789317
376775629
376776564
376766019
376767361
376726838
376710119
376702679
376683613
376672674
376676201
376669737
376632024
376622078
376621452
376618048
376619302
376609967
376608283
376594859
376420997
376410509
376100443
375734540
375726941
375713103
375701549
375702451
375694097
375682579
375411237
375379779
375375925
375079637
375060649
375062954
374754122
374749916
374720044
374712387
374717303
374703925
374683277
374683053
374672688
374666976
374657989
374651462
374646087
374643902
374611148
373716876
373378902
369606676
369094993
369088828
369080602
369061053
369055275
369043937
369046712
369027188
369020072
369013307
369017103
369001077
369003491
368996407
368992212
368981207
368716051
368703545
368706511
368679348
368672172
368668139
368652177
368379965
368372421
368349577
368347931
368332365
368330490
368268126
368263081
368259893
367704982
367697818
367699015
367665618
367651609
367640027
367642870
367638671
367627618
367614694
367618750
367604346
367601641
367589379
367581626
367581343
367573198
367573454
367556276
367552543
367392581
367382336
367374079
367372883
367366567
367300317
367285307
367282752
367274327
367270522
367269981
367258888
367254481
367240349
367242766
367249992
367238398
367234403
367222239
367220106
367217448
367216663
367210951
367206687
367208925
367201241
367193357
367055815
367031111
367024511
367010976
367010780
367008336
366968703
366959296
366956300
366945943
366872375
366873280
366869623
366865290
366817693
366678018
366669415
366652075
366616024
366601182
366591346
366589897
366571778
366567954
366307783
366280465
366254385
366232748
365884294
365879455
365250996
365234385
365238160
365225385
365179060
364941531
364927582
364852558
364855152
364847049
364848495
364843052
364837358
364834415
364833021
364822708
364821785
364824032
364817077
364780708
364781952
364773113
364760768
364768383
364766770
364649155
364264922
364232989
364236992
364220567
363888883
363878618
363821988
363829483
363299796
363282745
362864119
362864944
362861601
362859862
362843668
362845653
362837498
362831224
362831121
362825557
362826534
362803868
362808875
362805753
362800971
362684783
362679595
362677222
362666417
362667960
362651813
362606870
362597717
362590612
362589947
362584550
362564135
362557698
362554144
362551820
362477159
362478217
362472661
362465799
361932421
361929194
361918019
361905048
361903153
361597264
361285840
361265090
361253978
361245595
361238885
361239913
361223357
360595985
360531151
360230576
360176812
360167548
360139008
360133344
360130612
360127677
360123133
360110499
360111487
360112804
360115251
360105759
360103286
360107514
360016973
360002188
360005002
359993256
359991802
359983513
359975197
359909259
359877062
359597761
359584575
359583040
359576381
359563465
359562201
359557855
359540048
359544634
359537034
359526319
359521633
359287401
359279006
359270310
359266661
359257791
359242521
359234565
359235701
359190450
359181944
359185190
359176256
358835593
358113460
357804769
357800345
357772774
357772652
357764179
357764197
357766816
357768243
357524588
357213599
357192462
356921837
356907494
356902770
356898677
356897962
356889718
356888822
356238080
356220154
356218069
356210542
356200986
356199149
355855571
355884299
355867267
355863361
355851956
355819505
355816471
355803788
355804285
355778936
355773514
355763588
355554269
355540739
355543724
355528713
355523080
355517676
355417549
355410455
355414790
355148888
355144504
355144530
354889029
354882263
354871109
354872315
354840899
354842875
354848180
354831635
354722009
354722045
354550447
354559211
354548855
354531608
354532850
354526934
354510496
354459858
354450464
354441947
354447205
354442652
354235350
354222783
354212887
354212032
354141305
354147701
354089773
354088521
354073128
354060028
353546831
353461998
353467026
353466252
353444257
353440734
353430804
353439931
353426407
353409487
353407504
353386075
353385363
353380310
353122589
353129147
353128725
353105013
353069808
353065435
353069883
353051353
353058450
353049584
352845998
352834689
352838956
352839902
352822966
352827521
352808089
352802594
352796708
352790783
352517317
352488103
352474728
352472083
352240025
352244240
352232095
352216096
352212740
352208006
352203302
352161760
352154582
352145818
352141192
352139568
352134035
352137841
351032863
351039920
351025143
351023390
351016108
351015664
351013182
351011760
351007576
351002313
350793352
350782598
350780784
350786950
350737686
350739052
350723756
350729713
350710119
350712124
350719030
350702845
350709752
350696059
350682033
350674079
350673086
350674604
350679920
350661418
350665785
350665262
350657788
350652474
350657902
350646029
350646765
350644571
350639848
350525426
350514357
350502258
350507362
350498087
350492443
350489895
350488620
350473953
350463808
350431185
350432181
350429537
350425402
350416456
350414951
350403057
350401663
350391587
350376739
350372573
350354511
350337994
350337702
350110488
350119733
350106079
350104654
350095828
350092785
350095830
350081955
350076599
350079795
350052730
350044482
350038236
350039332
349995123
349974967
349974084
349979081
349969455
349959942
349775486
349777311
349764767
349767210
349757265
349755541
349749208
349740741
349737587
349730954
349730130
349717783
349704146
349687776
349680822
349679168
349673235
349651207
349623938
349621832
349615339
349614381
349600877
349601115
349608712
349607220
349429889
349428633
349415709
349418481
349401384
349371299
349373984
349378420
349360074
349359708
349358405
349350771
349348907
349265057
349261933
349255289
349252544
349095292
349081727
349060057
349069891
349051545
349053551
349046183
349041320
349032782
349029777
349027952
349016167
349018292
348740757
348732330
348713410
348705183
348704890
348693925
348695540
348688507
348683903
348673078
348666299
348669417
348662192
348650768
348650955
348641610
348637098
348619350
348605187
348600014
348604102
348599629
348599466
348580079
348586096
348587693
348482148
348481735
348483760
348472186
348471804
348470042
348463749
348460518
348465594
348468731
348454339
348457225
348452143
348453770
348448756
348443632
348433597
348437883
348404942
348398536
348396560
348381614
348377629
348377983
348364897
348366052
348359616
348359952
348343608
348323267
348323764
348328090
348319208
348314674
348301948
348308516
348300653
348300621
348291019
348298577
348292945
348290362
348282618
348269012
348250488
348259006
348258853
348246378
348242016
348109054
348108450
348091486
348094932
348083007
348082542
348075538
348079254
348064479
348055319
348059581
348004136
348004041
347994953
347985927
347986874
347987181
347735146
347731562
347728256
347713329
347714812
347708837
347703290
347698675
347688729
347683882
347676096
347675281
347661535
347658968
347366688
347368994
347356718
347355015
347350661
347343530
347334317
347330190
347321452
347311538
347311784
347315172
347307177
347302583
347061286
347063881
347030368
347038374
347036030
347029376
347028660
347015174
347019610
347009354
346998919
346999145
346989258
346983783
346977039
346971974
346741494
346733538
346736612
346727543
346718738
346712002
346704187
346704613
346698208
346696141
346680475
346674149
346678552
346661565
346651319
346650183
346646094
346643320
346360592
346350189
346351944
346347508
346305774
346301920
346297924
346284018
346282254
346274482
346269339
346265875
346267832
346251939
346255874
346241149
346248545
346241990
346225418
346225255
346227231
346218146
346216304
346103022
346098493
346083337
346080991
346075117
346077212
346067177
346066330
346052818
346055013
346047606
346044131
346031226
346027738
346027481
346013675
346019240
346000873
345990447
345992131
345989415
345970159
345367465
345355989
345355051
345347074
345347980
345336720
345329495
345308055
345309820
345291132
345288206
345278489
345271164
344976378
344979460
344968093
344957467
344956072
344940046
344939854
344924037
344611212
344609564
344593739
344592970
344582983
344577629
344525933
344524550
344519785
344293016
344291091
344285275
344281501
344226419
344229286
344217406
344204906
344204571
344191377
344195653
344188079
343257168
343241629
343244352
343233325
342917929
342907065
342902870
342899984
342881545
342872469
342868969
342867194
342857939
342858573
342232388
342170398
342170552
342167796
341895791
341882606
341887601
341873566
341873901
341866537
341869980
341856944
341840318
341847701
341835106
341822315
341821040
341818187
341816604
341814210
341800606
341539526
341527866
341528100
341512891
341506125
341497639
341498510
341481884
341478789
341152483
341145264
341133097
341136913
341111297
341113742
341105283
341093987
341093364
340842936
340843211
340816706
340776373
340762185
340764611
340755442
340740058
340741922
340703706
340709941
340700220
340699326
340695261
340681928
340683315
340680352
340361808
340367026
340178940
340160445
340150719
339763667
338895466
338786814
338774849
338776662
338768763
338722152
338717476
338639805
338633151
338625147
338623073
338627431
338619118
338618384
338613780
338605296
338603353
338607611
338591709
338598116
338455913
338447339
338446184
338440610
338430173
338428828
338413212
338405673
338393164
338380609
338383602
338371972
338366776
338320715
338300048
338304144
338298739
338282804
338271089
338277996
338122968
338121383
338116394
338104596
338096819
338097565
338084729
338089974
337720430
337712114
337701954
337697839
337664547
337665901
337650745
337644229
337647282
337634936
337631870
337604545
337602911
337016365
337007317
337009754
336998384
336987869
336981624
336970357
336976882
336968958
336966464
336957977
336935087
336933711
336928825
336921841
336910818
336918274
336918602
336907998
336904946
336901453
336909960
336892056
336890114
336890241
336898310
336880986
336883314
336881921
336875868
336634454
336624148
336621950
336613376
336594799
336599483
336596210
336532223
336351752
336347874
336327829
336325151
336319635
336305088
336306252
336247196
336241161
336237318
336236323
336228172
336213847
336211501
336204119
336204956
336208042
336198381
336190710
336183695
336185101
336170018
336178386
336072669
336073363
336063077
336061372
336053497
336059091
336045774
336025786
336025323
336013656
336005919
335990674
335989858
335982472
335977806
335967039
335966572
335959385
335943476
335946870
335937454
335935420
335927817
335925731
335917073
335904719
335902344
335906810
335656835
335641697
335644972
335635693
335621799
335623124
335615649
335614305
335601007
335581295
335580921
335575876
335574050
335561637
335558074
335302547
335309140
335295316
335283309
335284173
335272129
335278794
335260058
335265192
334962347
334964301
334957461
334948593
334942670
334932556
334920279
334917737
334905179
334904293
334903910
334893895
334625238
334622901
334616094
334609478
334145017
334140493
334139259
334135014
334136301
334126258
334120086
333826035
333823612
333818009
333812433
333803569
333808534
333807112
333793089
333791617
333796984
333793391
333789659
333788557
333673742
333659545
333653280
333640275
333628758
333612040
333602694
333599737
333596852
333583002
333573227
333575193
333561978
333563952
333555566
333558451
333542934
333549141
333535528
333534632
333529158
333297072
333286547
333284092
333278537
333252307
333250070
333246663
333235689
333235094
333225679
333221335
333228151
333210984
333187359
333189324
332953460
332940327
332948121
332932056
332931442
332924567
332918726
332918031
332907365
332905872
332899859
332891573
332868872
332854578
332855594
332612634
332600809
332594485
332597601
332582354
332577647
332573560
332564114
332555137
332551194
332542178
332273667
332274520
332263544
332262260
332244338
332240281
332234376
332233230
332221634
332218493
332208376
332203611
332186432
332179888
332173045
332153419
332151006
332139059
332135575
332121610
331891123
331886797
331889862
331879055
331879201
331841365
331842452
331848340
331820239
331825584
331820824
331822652
331819069
331811848
331811976
331811935
331811682
331812380
331800588
331807926
331621879
331620964
331627260
331619984
331600848
331601735
331603501
331596677
331590573
331584309
331566182
331553198
331559532
331541548
331542545
331543523
331546601
331536729
331532316
331535304
331531290
331523828
331525905
331310398
331312503
331308647
331308801
331290390
331282373
331277147
331008230
330961497
330963824
330954329
330953044
330952631
330948635
330879833
330875130
330662035
330667000
330650606
330648999
330642094
330635546
330634572
330622696
330625402
330619938
330597776
330594304
330557533
330548649
330545065
330543012
329458171
329444929
329449276
329442670
329432988
329434107
329435945
329436952
328655112
327749206
327743601
327738207
327730002
327707328
327705973
327692488
327694722
327683987
327689304
327687510
327674805
327678680
327663282
327658715
327653642
327640868
327644104
327646830
327630766
327637573
327629629
327464476
327469030
327457107
327457312
327442527
327442781
327431085
327438020
327421468
327424305
327410188
327416343
327401529
327401333
327393795
327396503
327388977
327373287
327375964
327378940
327361275
327362872
327357826
327359713
327341919
327346235
327343442
327333829
327335095
327336893
327335151
327326058
327321786
327322634
327322291
327320020
327312708
327144333
327135008
327135683
327124136
327124082
327117587
327113053
326861650
326855505
326854972
326587391
326281500
325961414
325952877
325950032
325943646
325640006
325643132
325566706
325569882
325556238
325559593
325547739
325540965
325541832
325538658
325534705
325535571
325383937
325381802
325371846
325371331
325365335
323550096
323557751
323213759
323450266
323411233
323411670
323275435
323277071
323263322
323255708
323251082
323248278
323210785
323210191
323201271
323199094
323186168
323183190
323174949
323177154
323170260
323165967
323169382
323159719
323139093
323132900
323123784
323109748
323101785
323105492
323105310
323091737
322624777
322629493
322617536
322325866
322323121
322312192
322303298
322308892
322046186
322048761
322032435
321756904
321747528
321439144
321414628
321410803
321406580
321392583
321394721
321379104
321367391
321357526
321359044
321345567
321346674
321196955
321198241
321185146
321184581
321173957
321170492
321169258
321163721
321158893
321142210
321098547
321098744
321094330
321089596
321081063
321075827
321073366
321072960
321048091
321036427
321036225
321030802
320903506
320886139
320864255
320850775
320787401
320843466
320836945
320835921
320826136
320825031
320817895
320811513
320794037
320630933
320607555
320598608
320591824
320581228
320567101
320553254
320558090
320542386
320542271
320525265
320524592
320524310
320517078
320518274
320467188
320307579
320284152
320271889
320271182
320230112
320225919
320228235
320174947
320177083
320157313
320021031
320019872
320005858
320004270
319991156
319993100
319987235
319979248
319974715
319943199
319947935
319940921
319896078
319892976
319896524
319713245
319706899
319703396
319708540
319681605
319670279
319676784
319668679
319418642
319367655
319361471
319359357
319359943
319345512
319337314
319334490
319321807
319325053
319306333
319295939
319290047
319294515
319294623
319298710
319280718
319288175
319285733
319157926
319157421
319148307
319144282
319136098
319114403
319006474
319077079
319079954
319070920
319062276
319044026
319032904
319020394
319024330
319012322
318974220
318894490
318882378
318888083
318874887
318872972
318864308
318869015
318855827
318842777
318842663
318838924
318768339
318765975
318758538
318754913
318758400
318493865
318488568
318477504
318238713
318228423
318206656
318209670
318193775
318199801
318180826
318184432
318176028
318176803
318163508
318167613
318141108
317934620
317928234
317822811
317543623
317253846
317248554
317242591
317225278
317221454
317216487
317191344
317078104
317060257
317069222
317052997
317058353
317041735
316901923
316897732
316884043
316781127
316788912
316777407
316779100
316761354
316754796
316754222
316743090
316737343
316726375
316713499
316719485
316691147
316699272
316680920
316685820
316675375
316452902
316443118
316441892
316437997
316438770
316145177
316144362
316133538
316135552
316123754
315848288
315838886
315794338
314938878
314936572
314917868
314916881
314905714
314892551
314889954
314889670
314865145
314868170
314802267
314802605
314802122
314597699
314582160
313410505
313418031
313026764
313000089
312723037
312726015
312720041
311931823
311922958
311927072
311643171
310920228
310425018
310427804
310161680
309853316
309568658
309530014
309253536
308635622
308090692
308080023
308061315
308053467
308051814
308040989
308032450
308023365
307979925
307975433
307794539
307799155
307673651
307631123
307495275
307481754
307479129
307476944
307465360
307450085
307451081
307447495
307443771
307421572
307414082
307377837
307371405
307367176
307364804
307265947
307269832
307243679
307245133
307219234
307212031
307208716
307206541
307194457
307197275
307198052
307183174
307174765
307174451
307160257
307133619
307139356
307134752
307089363
307066077
306923515
306918175
306911921
306902405
306897989
306890594
306897150
306884226
306647464
306637928
306639741
306629336
306610689
306613764
306582394
306096184
306025294
305800697
305459194
305450721
305193317
305186732
305174855
303857761
303846526
303840090
303831007
303832533
303825526
303823450
303812695
303812682
303806548
303809343
303794068
303795034
303783366
303768093
303727508
303720874
303583973
303571537
303564655
303553299
303542318
303540015
303282962
303270227
303274743
303263571
302927887
302926484
302924870
302915256
302919371
302904009
302905906
302907862
302896479
302897556
302891593
302886508
302781624
302782700
302771856
302776703
302764248
302767983
302756955
302754643
302745869
302748385
302736899
302347248
302346017
302193248
302195331
302187267
302186582
302174449
302172155
302179391
302165416
301929930
301919403
301904738
301909815
301901131
301899376
301875785
301660351
301636228
301633772
301389771
301370537
301376342
301352539
301352484
301347748
301349707
301340202
301311242
301309318
301253248
301098536
301090741
301083364
301079537
301072211
301067796
299727027
299713728
299687872
299388767
299383373
299339427
299190115
299181534
299172460
299083039
299083585
299083422
299075089
299076747
299079674
299076082
299062989
299067857
298952077
298951453
298944238
298949202
298931339
298934745
298932691
298920924
298918456
298905288
298901321
298892572
298392086
298397003
298385239
298385104
298378278
298357891
298111704
298118260
298107335
298106491
298098636
298098092
298082557
298085822
298071508
298055588
298056213
297844397
297842083
297842981
297834097
297835582
297828547
297825253
297814639
297794778
297577203
297568786
297560392
297551486
297312701
297302926
297306410
297281462
297279257
297276873
297279730
296812155
296805668
296801872
296793616
296790361
296787966
296700317
296442594
296442911
296438237
296438303
296424828
296419317
296180938
296181393
296171215
296161629
296161553
295911333
295902939
295904094
295133874
295134401
295108841
295095086
295092481
295087038
295088584
295049924
295038177
295039504
295030220
295027956
295024843
295020560
295007463
295001660
294995728
294991775
294992280
294987017
294988845
294988813
294863781
294858956
294849669
294843395
294845821
294839984
294822968
294820453
294812809
294810442
294803117
294562655
294281833
294273439
293424638
293397441
293367628
293363984
293366311
293354918
293352952
293354711
293342377
293342554
293219493
293201939
293208915
293201870
293191418
293197494
293138950
293123634
293113019
293119245
293103888
293096039
293091875
293091172
293083549
293081294
293084551
293075097
293071615
293071532
293065219
293062766
292942128
292944072
292937487
292936422
292923897
292925490
292915785
292904919
292906153
292637420
292621545
292625500
292614874
292613490
292605975
292578138
292354740
292095311
292084636
292089441
292074954
292046439
291812226
290754721
290220946
290214615
290215111
289950578
289946408
289480430
289479007
289471003
289466017
289452944
289451171
289448808
289445242
289382261
289370390
289361567
289363713
289351299
289351663
289355970
289345568
289348593
289335446
289335685
289337992
289239842
289223488
289226063
289220160
289210885
289202499
289203534
289192138
289197530
289185994
288883102
288597706
288351686
287801166
287790704
287790300
287756803
287594262
287585207
287582742
287575568
287238355
287028140
287013885
287008566
286506407
286498779
286461476
286453184
286451602
286234217
286230582
286228685
285965561
285914125
285166419
285162584
284853553
283750775
283249617
283246982
282996473
282732913
282723598
282229403
282189035
282180280
282179218
281971588
281973085
281915002
281906344
281872902
281863257
281862875
281777575
281779900
281768327
281762002
281753397
281709464
281708521
281698521
281683166
281683603
281670257
281673924
281672002
281657639
281655785
281470381
281463068
281460282
281457239
281454306
281450662
281441967
281412368
281415445
281223351
281213708
281217434
281216420
281200875
281200692
281207990
281192727
281162314
280951577
280955454
280940657
280944931
280932377
280931034
280926969
280925095
280921180
280911265
280705702
280694048
280691572
280680118
280689263
280673485
280672424
280675000
280663116
280665921
280653708
280653442
280648227
280443141
280437338
280437534
280433120
280399776
280399143
280383018
280382152
280083545
280080392
280071149
280072157
280070461
280074700
280063417
280066084
280062653
280064491
280066510
280057197
279921810
279902581
279654929
279652482
279643756
279642662
279391339
279145219
279143673
279130459
279133044
279137110
279120355
279117619
278889094
278884980
278874840
278860984
278850918
278854284
278851000
278672489
278674253
278661399
278658081
278640345
278634759
278533822
278520738
278419059
278413245
278408568
278403244
278408152
278397968
278385901
278377556
278377613
278330227
278338383
278322799
278325954
278303432
278295769
278295672
278299060
278287626
278192986
278193671
278181005
278118041
277873491
277868597
277858809
277853677
277853791
277832384
277839770
277298100
277058932
277041085
277046864
276783814
276505451
276498967
276463462
276457749
276451546
276454184
276453320
276442527
276437818
276348705
276349560
276338925
276330622
276329146
276319277
276317490
276309226
276052873
276049538
276046534
276034739
276033485
276039470
276020063
275007992
274993349
274423608
274428404
274251582
274223405
274221001
274215907
274219252
274201898
274184495
274187601
274162848
274101836
274100504
273949234
273435415
273422609
273427253
273419086
273414881
271851720
271841247
271848123
271569572
270954267
270950414
270942778
270941036
270941050
270939557
270935263
270932331
270925238
270925560
270914597
270915694
270912524
270522689
270520025
270510454
270501539
270504954
270493887
269989024
269972039
269962189
269964647
269961932
269957945
269956910
269687066
269686932
268415992
268407738
268151524
268143427
268146403
268138295
267883934
267877580
267306303
267291149
267290636
267297034
267273543
267265029
267265245
267253028
267251106
267257743
267247599
267230018
267237215
267233492
267230730
267228408
267222965
267157309
267159193
267145625
267136469
267130414
267123177
267126751
267112732
267103645
267102340
267092326
267095980
266857121
266841186
266841080
266830845
266833360
266822643
266818978
266802951
266583285
266577088
266551476
266551180
266548428
266541995
266331540
266326864
266023426
265790390
265785345
265780320
265562565
265557430
265548873
265538959
265537163
265250458
265255073
264423406
264416438
264412171
264408850
264366225
264337787
264333024
264324539
262932037
262922539
262926724
262676063
262663147
262666642
262651517
262654632
262645557
262645781
262631157
262587845
262582180
262568797
262103925
262012429
262011802
262004175
261993223
261726151
261716781
261670027
261456537
261074926
261076993
261068204
260932609
260934232
260924256
260910209
260915291
260647672
260620295
260614159
260491143
260492220
260331134
260307991
260250962
260088228
259977772
259932745
259799090
259745804
259733968
259738623
259652795
259130811
259121845
258851513
258849975
258665617
258312397
258303316
257854956
257791936
257266083
257251657
257238249
257223314
256974219
256464934
256453825
256458402
256387797
256377516
255241764
255236352
255064296
254971717
254971062
254966949
254969786
254966293
254951486
254956341
254940756
254754966
254758952
254691858
254694324
254685585
254678792
254670310
254535322
254523464
254519968
254519764
254443808
254425667
254423604
254407216
254403403
254404210
254397563
254392400
254383496
254380062
254379839
254373896
254374191
254351590
254343348
254121565
254126520
253857353
253803649
253800256
253805174
253793405
253795022
253694192
253684796
253666968
253525857
253528255
253301942
253254501
252846419
252845453
252766749
252760684
252470289
252479804
252410853
252286083
252191557
252198622
252029591
252004064
251990412
251980115
251976178
251569855
251549856
251542653
251537816
251536633
251324729
251324674
251329761
251303172
251280977
251282174
251280292
251131176
251121609
251121133
251113927
251021849
251018630
251003778
251006594
250993624
250739186
250732952
250729188
250725346
250729453
250558137
250559372
250548718
250461464
250460481
250457559
250450451
250442114
250437569
250430756
250433474
250278281
250220055
250220531
250210127
250172808
250170524
250173021
250000470
249992155
249993621
249930845
249919767
249910054
249900004
249655485
249639508
249635092
249424749
249427891
249411647
249413460
249405975
249290569
249284593
249273662
249272530
249261857
249268555
249267602
249254898
249145662
249105387
249100983
249093648
249097182
249088868
249085104
249077079
249060176
249068772
249056187
249051555
249030632
249023768
249006696
248984791
248834293
248827817
248826242
248810975
248810201
248809567
248804890
248795184
248793291
248783387
248782780
248777117
248775971
248769609
248768674
248737001
248709646
248586856
248584281
248570236
248575540
248552127
248548029
248540918
248542704
248546450
248534505
248536002
248527724
248515178
248513733
248509897
248474978
248441959
